#Left:
#('D = ', [-0.3628114259309162, 0.07990728105369016, -0.005633359021765444, 0.0025427978356867887, 0.0])
#('K = ', [545.6728951420483, 0.0, 517.9557864843184, 0.0, 543.0098134300554, 396.4560868442929, 0.0, 0.0, 1.0])
#('R = ', [0.9776656717301007, 0.008069507958255282, -0.21001123151356155, -0.007942629440294138, 0.9999674090385372, 0.0014475836172805727, 0.21001606833312844, 0.00025278858063792716, 0.9776979017773476])
#('P = ', [512.4367927375043, 0.0, 757.3250789642334, 0.0, 0.0, 512.4367927375043, 361.0161819458008, 0.0, 0.0, 0.0, 1.0, 0.0])
# oST version 5.0 parameters

[image]

width
1024

height
768

[left]

camera matrix
545.672895 0.000000 517.955786
0.000000 543.009813 396.456087
0.000000 0.000000 1.000000

distortion
-0.362811 0.079907 -0.005633 0.002543 0.000000

rectification
0.977666 0.008070 -0.210011
-0.007943 0.999967 0.001448
0.210016 0.000253 0.977698

projection
512.436793 0.000000 757.325079 0.000000
0.000000 512.436793 361.016182 0.000000
0.000000 0.000000 1.000000 0.000000
