image_width: 1024
image_height: 768
camera_name: left
camera_matrix:
  rows: 3
  cols: 3
  data: [545.672895, 0.000000, 517.955786, 0.000000, 543.009813, 396.456087, 0.000000, 0.000000, 1.000000]
distortion_model: plumb_bob
distortion_coefficients:
  rows: 1
  cols: 5
  data: [-0.362811, 0.079907, -0.005633, 0.002543, 0.000000]
rectification_matrix:
  rows: 3
  cols: 3
  data: [0.977666, 0.008070, -0.210011, -0.007943, 0.999967, 0.001448, 0.210016, 0.000253, 0.977698]
projection_matrix:
  rows: 3
  cols: 4
  data: [512.436793, 0.000000, 757.325079, 0.000000, 0.000000, 512.436793, 361.016182, 0.000000, 0.000000, 0.000000, 1.000000, 0.000000]
