image_width: 1024
image_height: 768
camera_name: right
camera_matrix:
  rows: 3
  cols: 3
  data: [567.294035, 0.000000, 515.106232, 0.000000, 569.337958, 361.099930, 0.000000, 0.000000, 1.000000]
distortion_model: plumb_bob
distortion_coefficients:
  rows: 1
  cols: 5
  data: [-0.393488, 0.094670, -0.006069, 0.003710, 0.000000]
rectification_matrix:
  rows: 3
  cols: 3
  data: [0.969671, -0.001786, -0.244406, 0.001638, 0.999998, -0.000809, 0.244407, 0.000384, 0.969673]
projection_matrix:
  rows: 3
  cols: 4
  data: [512.436793, 0.000000, 757.325079, -402.709658, 0.000000, 512.436793, 361.016182, 0.000000, 0.000000, 0.000000, 1.000000, 0.000000]
