#Left:
#('D = ', [-0.3628114259309162, 0.07990728105369016, -0.005633359021765444, 0.0025427978356867887, 0.0])
#('K = ', [545.6728951420483, 0.0, 517.9557864843184, 0.0, 543.0098134300554, 396.4560868442929, 0.0, 0.0, 1.0])
#('R = ', [0.9776656717301007, 0.008069507958255282, -0.21001123151356155, -0.007942629440294138, 0.9999674090385372, 0.0014475836172805727, 0.21001606833312844, 0.00025278858063792716, 0.9776979017773476])
#('P = ', [512.4367927375043, 0.0, 757.3250789642334, 0.0, 0.0, 512.4367927375043, 361.0161819458008, 0.0, 0.0, 0.0, 1.0, 0.0])
# oST version 5.0 parameters

[image]

width
1024

height
768

[narrow_stereo/left]

camera matrix
545.672895 0.000000 517.955786
0.000000 543.009813 396.456087
0.000000 0.000000 1.000000

distortion
-0.362811 0.079907 -0.005633 0.002543 0.000000

rectification
0.977666 0.008070 -0.210011
-0.007943 0.999967 0.001448
0.210016 0.000253 0.977698

projection
512.436793 0.000000 757.325079 0.000000
0.000000 512.436793 361.016182 0.000000
0.000000 0.000000 1.000000 0.000000

#Right:
#('D = ', [-0.3934884836273073, 0.09467048001869673, -0.006069436738137905, 0.0037102692980826887, 0.0])
#('K = ', [567.2940350986884, 0.0, 515.106231608614, 0.0, 569.3379576522416, 361.0999304153866, 0.0, 0.0, 1.0])
#('R = ', [0.9696713556215998, -0.0017859512784105568, -0.24440595832548784, 0.0016379951912528217, 0.9999983315522093, -0.0008086189158167424, 0.24440699470089308, 0.0003837588158305872, 0.9696726631551746])
#('P = ', [512.4367927375043, 0.0, 757.3250789642334, -402.7096584798548, 0.0, 512.4367927375043, 361.0161819458008, 0.0, 0.0, 0.0, 1.0, 0.0])
#('self.T ', [-0.7620374375813094, 0.0014035288636247423, 0.1920717665136835])
#('self.R ', [0.9993307833625966, 0.009524495825784978, 0.035316701476262154, -0.009608083927028393, 0.999951425906915, 0.0021978512184914895, -0.035294052574760974, -0.0025357062116992974, 0.9993737539313597])
# None

# oST version 5.0 parameters


[image]

width
1024

height
768

[narrow_stereo/right]

camera matrix
567.294035 0.000000 515.106232
0.000000 569.337958 361.099930
0.000000 0.000000 1.000000

distortion
-0.393488 0.094670 -0.006069 0.003710 0.000000

rectification
0.969671 -0.001786 -0.244406
0.001638 0.999998 -0.000809
0.244407 0.000384 0.969673

projection
512.436793 0.000000 757.325079 -402.709658
0.000000 512.436793 361.016182 0.000000
0.000000 0.000000 1.000000 0.000000
